X	Y
continuous	continuous
	
0.014	0.220
0.048	0.153
-0.046	0.228
0.008	0.194
0.048	0.239
0.014	0.188
-0.014	0.166
-0.016	0.227
-0.005	0.214
-0.022	0.160
-0.001	0.203
-0.044	0.244
-0.015	0.228
0.015	0.230
0.000	0.238
0.034	0.254
-0.016	0.270
0.001	0.288
0.045	0.243
-0.001	0.244
0.003	0.184
-0.036	0.261
0.063	0.197
0.051	0.173
-0.007	0.248
0.024	0.207
0.049	0.267
0.027	0.223
0.033	0.237
-0.090	0.221
0.002	0.204
0.003	0.198
0.016	0.228
-0.025	0.215
-0.034	0.284
-0.035	0.243
-0.012	0.200
0.032	0.214
-0.009	0.225
0.017	0.312
0.022	0.318
0.013	0.310
-0.008	0.311
0.014	0.346
0.025	0.371
-0.048	0.399
0.085	0.284
0.036	0.309
-0.001	0.339
0.009	0.359
0.031	0.344
0.010	0.359
0.041	0.304
-0.000	0.308
0.009	0.356
0.012	0.373
0.050	0.338
0.114	0.316
0.044	0.375
0.082	0.369
0.061	0.376
0.076	0.358
0.101	0.314
0.086	0.351
0.071	0.338
0.100	0.378
0.017	0.391
0.110	0.376
-0.005	0.356
0.021	0.375
0.018	0.452
0.025	0.355
0.046	0.377
0.151	0.354
0.026	0.393
0.052	0.386
0.028	0.400
0.065	0.401
0.075	0.363
0.077	0.332
0.014	0.437
0.063	0.410
0.088	0.393
-0.036	0.438
0.004	0.393
0.047	0.306
0.017	0.440
0.046	0.407
0.084	0.435
0.057	0.452
0.057	0.481
-0.013	0.463
0.050	0.415
0.066	0.428
0.046	0.505
0.061	0.462
0.029	0.391
0.042	0.503
0.063	0.408
0.056	0.521
-0.019	0.455
0.009	0.511
0.038	0.416
0.051	0.471
0.031	0.516
0.050	0.446
0.080	0.534
-0.023	0.522
0.068	0.371
-0.004	0.471
0.041	0.483
0.091	0.492
0.005	0.483
0.033	0.545
0.064	0.469
0.017	0.526
0.018	0.601
0.010	0.509
0.057	0.448
0.076	0.474
0.031	0.498
0.092	0.527
0.066	0.581
0.057	0.532
0.053	0.547
0.058	0.568
0.060	0.555
0.044	0.536
0.052	0.591
0.116	0.601
0.081	0.569
0.061	0.506
0.024	0.579
0.051	0.522
0.040	0.532
0.028	0.588
0.073	0.634
0.054	0.553
-0.006	0.635
0.069	0.624
0.092	0.583
0.051	0.571
0.089	0.574
0.045	0.600
0.101	0.597
0.068	0.654
0.107	0.668
0.061	0.638
0.079	0.655
0.059	0.655
0.059	0.668
0.094	0.636
0.048	0.697
0.144	0.639
0.133	0.632
0.109	0.590
0.043	0.668
0.083	0.707
0.078	0.671
0.090	0.683
0.068	0.637
0.129	0.647
0.109	0.724
0.097	0.635
0.104	0.626
0.106	0.644
0.111	0.635
0.123	0.643
0.122	0.615
0.156	0.688
0.133	0.667
0.135	0.674
0.143	0.661
0.100	0.767
0.147	0.705
0.137	0.641
0.104	0.679
0.123	0.723
0.069	0.720
0.155	0.709
0.178	0.723
0.137	0.663
0.071	0.708
0.222	0.742
0.109	0.703
0.163	0.693
0.163	0.732
0.172	0.734
0.158	0.732
0.197	0.715
0.076	0.758
0.124	0.720
0.190	0.739
0.147	0.733
0.153	0.699
0.074	0.772
0.129	0.750
0.162	0.689
0.178	0.761
0.156	0.791
0.122	0.777
0.236	0.744
0.172	0.740
0.125	0.744
0.250	0.752
0.127	0.753
0.132	0.738
0.210	0.791
0.237	0.788
0.132	0.752
0.182	0.793
0.139	0.757
0.198	0.835
0.151	0.773
0.158	0.762
0.127	0.729
0.179	0.789
0.249	0.736
0.158	0.764
0.207	0.820
0.160	0.764
0.158	0.808
0.187	0.823
0.181	0.783
0.195	0.816
0.245	0.775
0.202	0.762
0.213	0.761
0.239	0.831
0.207	0.852
0.189	0.819
0.128	0.754
0.239	0.829
0.166	0.813
0.208	0.759
0.194	0.770
0.191	0.817
0.130	0.838
0.171	0.847
0.187	0.850
0.187	0.786
0.187	0.832
0.194	0.824
0.228	0.841
0.133	0.829
0.195	0.811
0.271	0.811
0.187	0.820
0.212	0.848
0.178	0.821
0.202	0.887
0.223	0.825
0.248	0.854
0.221	0.835
0.226	0.824
0.224	0.814
0.212	0.818
0.303	0.820
0.293	0.850
0.203	0.832
0.191	0.793
0.261	0.787
0.228	0.847
0.204	0.889
0.239	0.873
0.264	0.917
0.246	0.857
0.274	0.866
0.232	0.825
0.263	0.852
0.203	0.794
0.289	0.900
0.312	0.808
0.298	0.815
0.276	0.943
0.304	0.856
0.327	0.874
0.285	0.761
0.363	0.812
0.307	0.851
0.362	0.834
0.361	0.830
0.307	0.851
0.284	0.826
0.255	0.806
0.296	0.820
0.340	0.820
0.333	0.878
0.332	0.837
0.313	0.828
0.352	0.765
0.356	0.804
0.343	0.791
0.358	0.842
0.343	0.780
0.356	0.790
0.313	0.775
0.375	0.822
0.325	0.841
0.349	0.849
0.409	0.768
0.360	0.775
0.348	0.865
0.295	0.765
0.393	0.778
0.424	0.847
0.411	0.863
0.375	0.801
0.376	0.736
0.327	0.798
0.408	0.835
0.387	0.764
0.382	0.714
0.406	0.782
0.376	0.736
0.434	0.737
0.380	0.755
0.362	0.792
0.425	0.740
0.374	0.788
0.416	0.733
0.379	0.740
0.429	0.785
0.427	0.743
0.342	0.803
0.395	0.755
0.456	0.796
0.331	0.669
0.408	0.687
0.373	0.627
0.430	0.696
0.403	0.630
0.387	0.711
0.356	0.714
0.433	0.747
0.414	0.726
0.484	0.672
0.438	0.692
0.376	0.656
0.446	0.686
0.408	0.687
0.428	0.691
0.361	0.702
0.404	0.623
0.396	0.601
0.387	0.670
0.389	0.532
0.399	0.585
0.437	0.619
0.414	0.623
0.435	0.713
0.461	0.631
0.437	0.587
0.397	0.637
0.432	0.640
0.426	0.555
0.432	0.554
0.420	0.603
0.451	0.576
0.430	0.595
0.447	0.537
0.465	0.553
0.404	0.508
0.453	0.540
0.491	0.549
0.475	0.524
0.436	0.510
0.499	0.556
0.428	0.524
0.442	0.530
0.582	0.542
0.503	0.545
0.499	0.559
0.450	0.521
0.506	0.503
0.460	0.569
0.489	0.455
0.520	0.491
0.504	0.461
0.561	0.466
0.495	0.455
0.474	0.538
0.478	0.521
0.477	0.510
0.482	0.513
0.514	0.528
0.509	0.460
0.520	0.500
0.499	0.517
0.553	0.496
0.494	0.512
0.524	0.507
0.556	0.499
0.563	0.458
0.513	0.459
0.565	0.456
0.517	0.519
0.528	0.456
0.544	0.470
0.581	0.486
0.551	0.455
0.533	0.460
0.553	0.514
0.499	0.483
0.557	0.475
0.542	0.474
0.517	0.520
0.485	0.440
0.586	0.427
0.570	0.442
0.506	0.425
0.532	0.471
0.567	0.513
0.541	0.474
0.564	0.480
0.524	0.463
0.578	0.511
0.496	0.401
0.523	0.468
0.596	0.486
0.621	0.375
0.578	0.460
0.522	0.404
0.584	0.504
0.612	0.484
0.579	0.496
0.587	0.536
0.587	0.506
0.579	0.515
0.642	0.527
0.598	0.423
0.565	0.533
0.585	0.452
0.621	0.522
0.601	0.467
0.594	0.494
0.624	0.515
0.621	0.496
0.607	0.513
0.576	0.524
0.675	0.550
0.693	0.525
0.687	0.508
0.671	0.512
0.636	0.492
0.597	0.533
0.662	0.551
0.670	0.465
0.700	0.532
0.723	0.570
0.703	0.522
0.696	0.547
0.633	0.518
0.636	0.557
0.706	0.534
0.644	0.552
0.770	0.597
0.770	0.534
0.803	0.585
0.732	0.602
0.773	0.566
0.745	0.590
0.742	0.509
0.777	0.574
0.785	0.619
0.759	0.643
0.747	0.641
0.758	0.650
0.814	0.655
0.772	0.682
0.743	0.634
0.776	0.646
0.745	0.668
0.652	0.638
0.771	0.676
0.762	0.682
0.744	0.724
0.694	0.641
0.699	0.689
0.764	0.689
0.746	0.711
0.768	0.684
0.764	0.637
0.840	0.617
0.817	0.635
0.712	0.691
0.736	0.648
0.766	0.741
0.763	0.724
0.758	0.702
0.705	0.714
0.802	0.748
0.743	0.765
0.738	0.729
0.669	0.675
0.792	0.711
0.748	0.753
0.801	0.738
0.746	0.719
0.829	0.774
0.808	0.771
0.793	0.714
0.808	0.731
0.798	0.683
0.838	0.701
0.910	0.697
0.807	0.759
0.818	0.738
0.827	0.750
0.801	0.729
0.851	0.809
0.839	0.769
0.825	0.791
0.879	0.760
0.818	0.784
0.892	0.832
0.864	0.869
0.910	0.830
0.834	0.760
0.829	0.794
0.938	0.837
0.934	0.801
0.870	0.801
0.911	0.814
0.887	0.820
0.798	0.726
0.941	0.780
0.846	0.839
0.952	0.860
0.887	0.878
0.950	0.764
0.874	0.863
0.934	0.855
0.996	0.853
0.985	0.850
0.926	0.820
0.920	0.854
1.007	0.830
0.971	0.814
0.912	0.828
0.967	0.908
0.980	0.809
0.973	0.800
1.028	0.779
1.010	0.832
0.970	0.873
0.958	0.858
0.945	0.832
0.941	0.799
0.967	0.841
1.011	0.872
0.944	0.858
1.045	0.809
0.989	0.846
0.941	0.907
0.942	0.811
0.986	0.834
0.991	0.827
1.031	0.818
0.991	0.786
0.998	0.864
1.025	0.865
1.042	0.852
0.980	0.839
1.030	0.872
1.016	0.847
1.035	0.803
0.983	0.866
1.073	0.794
1.015	0.884
0.990	0.858
0.952	0.834
1.008	0.869
0.989	0.854
0.985	0.845
1.050	0.864
